fieldTypes=
   13   13
   0   0   2   2   1   2   2   0   1   2   2   2   1
   0   0   2   0   0   0   0   0   2   0   0   0   0
   1   2   1   2   2   0   1   2   1   2   1   0   0
   0   0   2   0   2   0   2   0   2   0   2   0   0
   0   0   1   0   2   2   1   2   1   0   2   0   0
   0   0   0   0   2   0   2   0   0   0   2   0   0
   0   0   2   0   1   2   2   2   1   0   1   0   0
   0   0   2   0   2   0   0   0   0   0   0   0   0
   0   0   1   2   1   2   1   0   0   0   0   0   0
   0   0   2   0   0   0   2   0   0   0   0   0   0
   0   0   2   0   0   0   2   0   0   0   0   0   0
   0   0   0   0   0   0   2   0   0   0   0   0   0
   0   0   2   2   1   2   2   0   0   0   0   0   0
symbolsAtPositions=
43
1,3:30 
1,4:+  
1,6:=  
1,7:48 
1,10:+ 
1,11:29
1,12:= 
2,3:+  
2,9:/  
3,2:-  
3,4:=  
3,5:10 
3,8:+  
3,10:= 
4,3:=  
4,5:-  
4,7:/  
4,9:=  
4,11:/ 
5,5:8  
5,6:+  
5,8:=  
5,11:8 
6,5:+  
6,7:=  
6,11:= 
7,3:8  
7,6:+  
7,7:30 
7,8:=  
8,3:+  
8,5:=  
9,4:-  
9,6:=  
10,3:= 
10,7:/ 
11,3:29
11,7:1 
12,7:= 
13,3:64
13,4:/ 
13,6:= 
13,7:16
variables_with_pos=
18
1,1:9 
1,2:33
1,3:47
1,4:18
1,5:21
1,6:4 
1,7:4 
2,1:16
2,2:1 
2,3:38
2,4:5 
2,5:18
2,6:2 
2,7:3 
3,1:18
3,2:32
3,3:8 
3,4:30
